Movie Report
------------

Frame #    Frame Bytes    Total Bytes    Page
-------    -----------    -----------    ---------------
    1          2545           2545        intro
    2           914           3459          2
    3            23           3482          3
    4            23           3505          4
    5            23           3528          5
    6            23           3551          6
    7            23           3574          7
    8            23           3597          8
    9            23           3620          9
   10            23           3643          10
   11            23           3666          11
   12            23           3689          12
   13          1559           5248          13
   14            43           5291          14
   15            43           5334          15
   16            43           5377          16
   17            38           5415          17
   18            22           5437          18
   19            22           5459          19
   20            22           5481          20
   21            22           5503          21
   22          1508           7011          22
   23            43           7054          23
   24            43           7097          24
   25            44           7141          25
   26            44           7185          26
   27            44           7229          27
   28            44           7273          28
   29          1901           9174          29
   30            60           9234          30
   31            44           9278          31
   32            44           9322          32
   33            44           9366          33
   34            44           9410          34
   35            44           9454          35
   36            44           9498          36
   37            39           9537          37
   38          1846          11383          38
   39            44          11427          39
   40            44          11471          40
   41            44          11515          41
   42            44          11559          42
   43            44          11603          43
   44            39          11642          44
   45            23          11665          45
   46            23          11688          46
   47            23          11711          47
   48            23          11734          48
   49            23          11757          49
   50            23          11780          50
   51            23          11803          51
   52            23          11826          52
   53           728          12554          53
   54            13          12567          54
   55            13          12580          55
   56            13          12593          56
   57            13          12606          57
   58            13          12619          58
   59            13          12632          59
   60         10107          22739          60
   61         30412          53151        menu
   62           181          53332          2
   63            20          53352          3
   64            20          53372          4
   65            20          53392          5
   66            21          53413          6
   67            21          53434          7
   68            21          53455          8
   69            21          53476          9
   70            21          53497          10
   71            21          53518          11
   72            21          53539          12
   73            21          53560          13
   74            21          53581          14
   75            21          53602          15
   76            21          53623          16
   77            21          53644          17
   78            21          53665          18
   79            21          53686          19
   80            21          53707          20
   81            21          53728          21
   82            22          53750          22
   83            21          53771          23
   84            21          53792          24
   85            21          53813          25
   86            21          53834          26
   87            21          53855          27
   88            22          53877          28
   89            22          53899          29
   90            22          53921          30
   91            21          53942          31
   92            22          53964          32
   93            22          53986          33
   94            22          54008          34
   95            22          54030          35
   96            21          54051          36
   97            21          54072          37
   98            22          54094          38
   99            22          54116          39
  100          4331          58447          40
  101            25          58472          41
  102            25          58497          42
  103            26          58523          43
  104            26          58549          44
  105            26          58575          45
  106            26          58601          46
  107            26          58627          47
  108            26          58653          48
  109            26          58679          49
  110         11849          70528          50
  111            26          70554          51
  112            26          70580          52
  113            26          70606          53
  114            26          70632          54
  115            26          70658          55
  116            26          70684          56
  117            26          70710          57
  118            26          70736          58
  119            26          70762          59
  120          7938          78700          60
  121            25          78725          61
  122            25          78750          62
  123            25          78775          63
  124            26          78801          64
  125            26          78827          65
  126            26          78853          66
  127            26          78879          67
  128            26          78905          68
  129            26          78931          69
  130          7661          86592          70
  131            26          86618          71
  132            26          86644          72
  133            26          86670          73
  134            26          86696          74
  135            26          86722          75
  136            26          86748          76
  137            26          86774          77
  138            26          86800          78
  139            26          86826          79
  140         13026          99852          80
  141            25          99877          81
  142            25          99902          82
  143            25          99927          83
  144            26          99953          84
  145            26          99979          85
  146            26         100005          86
  147            26         100031          87
  148            26         100057          88
  149            26         100083          89
  150            80         100163          90
  151           200         100363        about
  152            20         100383          2
  153            20         100403          3
  154            20         100423          4
  155            20         100443          5
  156            20         100463          6
  157            20         100483          7
  158            20         100503          8
  159            20         100523          9
  160            20         100543          10
  161            24         100567          11
  162            20         100587          12
  163            20         100607          13
  164            20         100627          14
  165            20         100647          15
  166            20         100667          16
  167            20         100687          17
  168            20         100707          18
  169            20         100727          19
  170            20         100747          20
  171            24         100771          21
  172            20         100791          22
  173            20         100811          23
  174            20         100831          24
  175            20         100851          25
  176            20         100871          26
  177            20         100891          27
  178            20         100911          28
  179            20         100931          29
  180            20         100951          30
  181            24         100975          31
  182            20         100995          32
  183            20         101015          33
  184            20         101035          34
  185            20         101055          35
  186            20         101075          36
  187            20         101095          37
  188            20         101115          38
  189            20         101135          39
  190          4024         105159          40
  191            46         105205          41
  192            42         105247          42
  193            42         105289          43
  194            44         105333          44
  195            44         105377          45
  196            44         105421          46
  197            44         105465          47
  198            44         105509          48
  199            44         105553          49
  200           813         106366          50
  201           188         106554        links
  202            20         106574          2
  203            20         106594          3
  204            20         106614          4
  205            20         106634          5
  206            20         106654          6
  207            20         106674          7
  208            20         106694          8
  209            28         106722          9
  210            24         106746          10
  211            20         106766          11
  212            20         106786          12
  213            20         106806          13
  214            20         106826          14
  215            20         106846          15
  216            20         106866          16
  217            20         106886          17
  218            20         106906          18
  219            20         106926          19
  220            24         106950          20
  221            20         106970          21
  222            20         106990          22
  223            20         107010          23
  224            20         107030          24
  225            20         107050          25
  226            20         107070          26
  227            20         107090          27
  228            20         107110          28
  229            20         107130          29
  230            24         107154          30
  231            20         107174          31
  232            20         107194          32
  233            20         107214          33
  234            20         107234          34
  235            20         107254          35
  236            20         107274          36
  237            20         107294          37
  238            20         107314          38
  239            82         107396          39
  240            46         107442          40
  241            42         107484          41
  242            42         107526          42
  243            44         107570          43
  244            44         107614          44
  245            44         107658          45
  246            44         107702          46
  247            44         107746          47
  248            44         107790          48
  249          1839         109629          49
  250           192         109821        examples
  251            20         109841          2
  252            20         109861          3
  253            20         109881          4
  254            20         109901          5
  255            20         109921          6
  256            20         109941          7
  257            20         109961          8
  258            20         109981          9
  259            24         110005          10
  260            20         110025          11
  261            20         110045          12
  262            20         110065          13
  263            20         110085          14
  264            20         110105          15
  265            20         110125          16
  266            20         110145          17
  267            20         110165          18
  268            20         110185          19
  269            24         110209          20
  270            20         110229          21
  271            20         110249          22
  272            20         110269          23
  273            20         110289          24
  274            20         110309          25
  275            20         110329          26
  276            20         110349          27
  277            20         110369          28
  278            20         110389          29
  279            24         110413          30
  280            20         110433          31
  281            20         110453          32
  282            20         110473          33
  283            20         110493          34
  284            20         110513          35
  285            20         110533          36
  286            20         110553          37
  287            20         110573          38
  288            64         110637          39
  289            46         110683          40
  290            42         110725          41
  291            42         110767          42
  292            44         110811          43
  293            44         110855          44
  294            44         110899          45
  295            44         110943          46
  296            44         110987          47
  297            44         111031          48
  298          1111         112142          49
  299           196         112338        conclusion
  300            20         112358          2
  301            20         112378          3
  302            20         112398          4
  303            20         112418          5
  304            20         112438          6
  305            20         112458          7
  306            20         112478          8
  307            20         112498          9
  308            20         112518          10
  309            24         112542          11
  310            20         112562          12
  311            20         112582          13
  312            20         112602          14
  313            20         112622          15
  314            20         112642          16
  315            20         112662          17
  316            20         112682          18
  317            20         112702          19
  318            20         112722          20
  319            24         112746          21
  320            20         112766          22
  321            20         112786          23
  322            20         112806          24
  323            20         112826          25
  324            20         112846          26
  325            20         112866          27
  326            20         112886          28
  327            20         112906          29
  328            20         112926          30
  329            24         112950          31
  330            20         112970          32
  331            20         112990          33
  332            20         113010          34
  333            20         113030          35
  334            20         113050          36
  335            20         113070          37
  336            20         113090          38
  337            20         113110          39
  338            64         113174          40
  339            46         113220          41
  340            42         113262          42
  341            42         113304          43
  342            44         113348          44
  343            44         113392          45
  344            44         113436          46
  345            44         113480          47
  346            44         113524          48
  347            44         113568          49
  348          2296         115864          50

Page                       Shape Bytes    Text Bytes
-----------------------    -----------    ----------
intro                         10017             0
menu                              0             0
about                             0           662
links                             0          1716
examples                        296           698
conclusion                        0          2223

Symbol                     Shape Bytes    Text Bytes
-----------------------    -----------    ----------
a simple                       1463             0
about                         12476             0
about symbol                    388             0
back                            154            76
conclusion                     3666             0
conclusion symbol               585             0
contact                        7079             0
contact symbol                  449             0
examples                      11169             0
examples graphic                547             0
FP design bottom              26103           141
FP design top                    45           138
go!                             576             0
green oval                      159             0
if this is the case            1834             0
links                          7508             0
links graphic                   298             0
may help you                   1800             0
new to flash                    889             0
would you like                 1514             0
flash8.0                         86           147

Font Name                  Bytes       Characters
-----------------------    --------    -----------
Tw Cen MT                    3839         '(),-./012349:;ABFGHIOPQSTWY_abcdefghijklmnoprstuvwxyz
Arial                        2040         ().19ACFPacdeghilmnoprstvy
Arial Rounded MT Bold        1841         :BCMSabcdeilmnprstuvy
ºÚÌå                          745        Ô´Õ¾×Ê
Arial Black                  1474        ./08:AFHLSaefhlnpsty
