Movie Report
------------

Frame #    Frame Bytes    Total Bytes    Page
-------    -----------    -----------    ---------------
    1          7900           7900        Scene 1
    2            23           7923          2
    3            23           7946          3
    4            23           7969          4
    5            23           7992          5
    6            23           8015          6
    7            23           8038          7
    8            23           8061          8
    9            23           8084          9
   10            23           8107          10
   11            23           8130          11
   12            23           8153          12
   13            23           8176          13
   14            23           8199          14
   15            23           8222          15
   16            23           8245          16
   17            23           8268          17
   18            23           8291          18
   19            23           8314          19
   20            23           8337          20
   21            23           8360          21
   22            23           8383          22
   23            23           8406          23
   24            22           8428          24
   25            22           8450          25
   26            22           8472          26
   27            22           8494          27
   28            22           8516          28
   29            22           8538          29
   30         12922          21460          30
   31            45          21505          31
   32            34          21539          32
   33            34          21573          33
   34            33          21606          34
   35            32          21638          35
   36             2          21640          36
   37             2          21642          37
   38             2          21644          38
   39             2          21646          39
   40             2          21648          40
   41             2          21650          41
   42             2          21652          42
   43             2          21654          43
   44             2          21656          44
   45             2          21658          45
   46             2          21660          46
   47             2          21662          47
   48             2          21664          48
   49             2          21666          49
   50             2          21668          50
   51             2          21670          51
   52             2          21672          52
   53             2          21674          53
   54             2          21676          54
   55             2          21678          55
   56             2          21680          56
   57             2          21682          57
   58             2          21684          58
   59             2          21686          59
   60             2          21688          60
   61             2          21690          61
   62             2          21692          62
   63             2          21694          63
   64             2          21696          64
   65             2          21698          65
   66             2          21700          66
   67             2          21702          67
   68             2          21704          68
   69             2          21706          69
   70             2          21708          70
   71             2          21710          71
   72             2          21712          72
   73             2          21714          73
   74             2          21716          74
   75             2          21718          75
   76             2          21720          76
   77             2          21722          77
   78             2          21724          78
   79             2          21726          79
   80             2          21728          80
   81             2          21730          81
   82             2          21732          82
   83             2          21734          83
   84             2          21736          84
   85             2          21738          85
   86             2          21740          86
   87             2          21742          87
   88             2          21744          88
   89             2          21746          89
   90             2          21748          90
   91             2          21750          91
   92             2          21752          92
   93             2          21754          93
   94             2          21756          94
   95             2          21758          95
   96             2          21760          96
   97             2          21762          97
   98             2          21764          98
   99             2          21766          99
  100             2          21768          100
  101             2          21770          101
  102             2          21772          102
  103             2          21774          103
  104             2          21776          104
  105         34447          56223          105
  106             6          56229          106
  107             2          56231          107
  108             2          56233          108
  109             2          56235          109
  110             2          56237          110
  111            14          56251          111
  112             2          56253          112
  113             2          56255          113
  114             2          56257          114

Page                       Shape Bytes    Text Bytes
-----------------------    -----------    ----------
Scene 1                           0             0

Embedded Objects                 57             0

Symbol                     Shape Bytes    Text Bytes
-----------------------    -----------    ----------
Symbol 47                        39           350
Tween 5                           0             0
Symbol 45                         0             0
Tween 4                           0             0
Symbol 43                         0             0
Symbol 42                         0             0
Symbol 41                         0             0
Symbol 40                         0           124
Tween 2                           0             0
Symbol 31                         0           101
Symbol 30                         0            34
Symbol 29                       117             0
Symbol 28                        57             0
Symbol 27                        34             0
Symbol 26                        52             0
Symbol 25                        93             0
Symbol 24                        42             0
Symbol 23                        57             0
Symbol 22                        75             0
Symbol 21                        38             0
Symbol 20                        45             0
Symbol 19                        71             0
Symbol 18                        46             0
Symbol 17                        87             0
Symbol 16                        64             0
Symbol 15                        90             0
Symbol 14                        50             0
Symbol 13                        50             0
Symbol 12                        48             0
Symbol 11                        91             0
Symbol 10                         0             0
Symbol 9                          0             0
Tween 1                         241             0
Symbol 7                          0             0
Symbol 6                          0             0
Symbol 5                          0             0
Symbol 4                          0             0
Symbol 3                        116             0
Symbol 2                          0             0
Symbol 1                          0             0
Symbol 79                         0             0
Symbol 80                         0             0
Symbol 81                         0             0
Tween 11                          0             0
Symbol 77                        41             0
Tween 3                           0            43

Bitmap                     Compressed  Original    Compression
-----------------------    ----------  ----------  ------------
1rel.jpg                        4122      128340   Imported JPEG
Tweened Shapes: 536 bytes

Event sounds: 11KHz Mono 16 kbps MP3

Sound Name                 Bytes       Format
-----------------------    --------    --------
hiphop6.wav                  9999        11KHz Mono 16 kbps MP3
Copy of fx0170.wav           1991        11KHz Mono 16 kbps MP3
fx0215.wav                   3655        11KHz Mono 16 kbps MP3

Font Name                  Bytes       Characters
-----------------------    --------    -----------
SF New Republic              3180         !()@FOabcefghiklmnoprstuvwy
FigurineCrrCB                 573        Pael
SF Movie Poster              2218         ()9Kabcefhinorstuwxy
