Movie Report
------------

Frame #    Frame Bytes    Total Bytes    Page
-------    -----------    -----------    ---------------
    1          4537           4537        Scene 1
    2         11802          16339          2
    3           388          16727          3
    4            44          16771          4
    5             2          16773          5
    6             2          16775          6
    7             2          16777          7
    8             2          16779          8
    9             2          16781          9
   10           638          17419          10
   11             2          17421          11
   12             2          17423          12
   13             2          17425          13
   14             2          17427          14
   15             2          17429          15
   16             2          17431          16
   17             2          17433          17
   18             2          17435          18
   19             2          17437          19
   20             2          17439          20
   21             2          17441          21
   22             2          17443          22
   23             2          17445          23
   24             2          17447          24
   25             2          17449          25
   26             2          17451          26
   27             2          17453          27
   28             2          17455          28
   29             2          17457          29
   30             2          17459          30
   31             2          17461          31
   32             2          17463          32
   33             2          17465          33
   34             2          17467          34
   35             2          17469          35
   36             2          17471          36
   37             2          17473          37
   38             2          17475          38
   39             2          17477          39
   40             2          17479          40
   41             2          17481          41
   42             2          17483          42
   43             2          17485          43
   44             2          17487          44
   45             2          17489          45

Page                       Shape Bytes    Text Bytes
-----------------------    -----------    ----------
Scene 1                           0           841

Symbol                     Shape Bytes    Text Bytes
-----------------------    -----------    ----------
urlbn                             0             0
lettr_movie                       0             0
lettr                             0            41
bn                              174            39

Font Name                  Bytes       Characters
-----------------------    --------    -----------
MagistralBlackC             10877         !"#$%&'()*+,-./0123456789:;<=>?@ABCDEFGHIJKLMNOPQRSTUVWXYZ[\]^_`abcdefghijklmnopqrstuvwxyz{|}~ÄÅÇÉÑÖÜáàâäãåçéèêëíìîïñóòôöõúùûü†°¢£§•¶ß®©™´¨≠ÆØ∞±≤≥¥µ∂∑∏π∫ªºΩæø¿¡¬√ƒ≈∆«»… ÀÃÕŒœ–—“”‘’÷◊ÿŸ⁄€‹›ﬁﬂ‡·‚„‰ÂÊÁËÈÍÎÏÌÓÔÒÚÛÙıˆ˜¯˘˙˚¸˝˛ˇ
MagistralBlackC Italic        348        Sart
MagistralBlackC Bold Italic   2968         02:ACEGacefghilmnoprstuxy
_sans                          20        
