Movie Report
------------

Frame #    Frame Bytes    Total Bytes    Page
-------    -----------    -----------    ---------------
    1          1108           1108        Scene 1
    2            17           1125          2
    3            17           1142          3
    4            17           1159          4
    5            17           1176          5
    6            17           1193          6
    7            17           1210          7
    8            17           1227          8
    9            17           1244          9
   10            17           1261          10
   11            17           1278          11
   12            17           1295          12
   13            17           1312          13
   14            17           1329          14
   15            17           1346          15
   16            64           1410          16
   17            62           1472          17
   18            64           1536          18
   19            64           1600          19
   20            64           1664          20
   21            64           1728          21
   22            88           1816          22
   23            61           1877          23
   24            19           1896          24
   25            61           1957          25
   26            19           1976          26
   27            59           2035          27
   28            19           2054          28
   29            19           2073          29
   30            19           2092          30
   31            19           2111          31
   32            71           2182          32
   33            75           2257          33
   34            56           2313          34
   35            53           2366          35
   36            55           2421          36
   37            53           2474          37
   38            52           2526          38
   39            54           2580          39
   40            19           2599          40
   41            19           2618          41
   42            19           2637          42
   43            19           2656          43
   44            19           2675          44
   45            19           2694          45
   46            19           2713          46
   47            19           2732          47
   48            19           2751          48
   49            19           2770          49
   50            19           2789          50
   51            19           2808          51
   52            19           2827          52
   53            19           2846          53
   54            19           2865          54
   55            19           2884          55
   56            19           2903          56
   57            19           2922          57
   58            19           2941          58
   59            19           2960          59
   60            19           2979          60
   61            19           2998          61
   62            19           3017          62
   63            19           3036          63
   64            19           3055          64
   65            19           3074          65
   66            19           3093          66
   67            19           3112          67
   68            50           3162          68
   69            19           3181          69
   70            19           3200          70
   71            19           3219          71
   72            19           3238          72
   73            19           3257          73
   74            19           3276          74
   75            19           3295          75
   76            19           3314          76
   77            58           3372          77
   78            58           3430          78
   79           991           4421          79
   80            54           4475          80
   81            55           4530          81
   82            19           4549          82
   83            82           4631          83
   84            19           4650          84
   85            54           4704          85
   86            19           4723          86
   87           185           4908          87
   88           132           5040          88
   89            51           5091          89
   90            52           5143          90
   91            56           5199          91
   92            59           5258          92
   93            85           5343          93
   94            54           5397          94
   95            78           5475          95
   96            69           5544          96
   97            19           5563          97
   98           107           5670          98
   99           181           5851          99
  100            97           5948          100
  101            19           5967          101
  102            78           6045          102
  103           110           6155          103
  104            89           6244          104
  105            61           6305          105
  106            42           6347          106
  107            39           6386          107
  108            38           6424          108
  109            38           6462          109
  110            34           6496          110
  111            16           6512          111
  112           330           6842          112
  113            20           6862          113
  114            20           6882          114
  115            42           6924          115
  116            38           6962          116
  117            38           7000          117
  118            38           7038          118
  119            38           7076          119
  120            38           7114          120
  121            38           7152          121
  122            38           7190          122
  123            37           7227          123
  124            37           7264          124
  125            37           7301          125
  126            35           7336          126
  127            23           7359          127
  128            19           7378          128
  129            18           7396          129
  130            72           7468          130
  131            17           7485          131
  132            17           7502          132
  133            17           7519          133
  134            63           7582          134
  135            17           7599          135
  136            18           7617          136
  137            18           7635          137
  138            18           7653          138
  139            18           7671          139
  140            19           7690          140
  141            17           7707          141
  142            49           7756          142
  143            46           7802          143
  144            78           7880          144
  145            76           7956          145
  146           378           8334          146
  147           124           8458          147
  148            89           8547          148
  149            92           8639          149
  150            94           8733          150
  151            60           8793          151
  152            77           8870          152
  153            31           8901          153
  154            31           8932          154
  155            33           8965          155
  156            16           8981          156
  157            16           8997          157
  158             2           8999          158
  159             2           9001          159
  160             2           9003          160
  161           143           9146          161
  162           123           9269          162
  163           143           9412          163
  164          3730          13142          164
  165           103          13245          165
  166           103          13348          166
  167           103          13451          167
  168           105          13556          168
  169           103          13659          169
  170           103          13762          170
  171           104          13866          171
  172           103          13969          172
  173           103          14072          173
  174           103          14175          174
  175            91          14266          175
  176            86          14352          176
  177            90          14442          177
  178           463          14905          178
  179             2          14907          179
  180             2          14909          180
  181             2          14911          181
  182             2          14913          182
  183             2          14915          183
  184             2          14917          184
  185             2          14919          185
  186             2          14921          186
  187             2          14923          187
  188             2          14925          188
  189             2          14927          189
  190             2          14929          190
  191            26          14955          191
  192            90          15045          192
  193            86          15131          193
  194            86          15217          194
  195           362          15579          195
  196            22          15601          196
  197            22          15623          197
  198            22          15645          198
  199            22          15667          199
  200            17          15684          200
  201           721          16405          201
  202            37          16442          202
  203            37          16479          203
  204           497          16976          204
  205            57          17033          205
  206            51          17084          206
  207          6807          23891          207
  208            57          23948          208
  209            52          24000          209
  210           584          24584          210
  211            71          24655          211
  212            66          24721          212
  213            52          24773          213
  214          1686          26459          214
  215            66          26525          215
  216            51          26576          216
  217           441          27017          217
  218            70          27087          218
  219          1084          28171          219
  220            71          28242          220
  221            71          28313          221
  222           141          28454          222
  223           729          29183          223
  224           155          29338          224
  225           154          29492          225
  226           140          29632          226
  227           140          29772          227
  228           135          29907          228
  229           999          30906          229
  230           139          31045          230
  231            61          31106          231
  232            50          31156          232
  233            36          31192          233
  234            31          31223          234
  235            16          31239          235
  236            16          31255          236
  237            16          31271          237
  238            16          31287          238
  239            16          31303          239
  240            16          31319          240
  241             2          31321          241
  242             2          31323          242
  243            50          31373          243
  244            43          31416          244
  245            43          31459          245
  246            43          31502          246
  247            43          31545          247
  248            43          31588          248
  249            44          31632          249
  250            44          31676          250
  251            44          31720          251
  252            44          31764          252
  253            44          31808          253
  254            44          31852          254
  255            44          31896          255
  256            34          31930          256
  257            32          31962          257
  258            32          31994          258
  259            32          32026          259
  260            32          32058          260
  261            32          32090          261
  262             2          32092          262
  263             2          32094          263
  264             2          32096          264
  265             2          32098          265
  266             2          32100          266
  267             2          32102          267
  268             2          32104          268
  269             2          32106          269
  270             2          32108          270
  271             2          32110          271
  272             2          32112          272
  273             2          32114          273
  274             2          32116          274
  275             2          32118          275
  276             2          32120          276
  277             2          32122          277
  278             2          32124          278
  279             2          32126          279
  280             2          32128          280
  281             2          32130          281
  282             2          32132          282
  283             2          32134          283
  284             2          32136          284
  285             2          32138          285
  286             2          32140          286
  287             2          32142          287
  288             2          32144          288
  289             2          32146          289
  290             2          32148          290
  291             2          32150          291
  292             2          32152          292
  293             2          32154          293
  294             2          32156          294
  295             2          32158          295
  296             2          32160          296
  297             2          32162          297
  298             2          32164          298
  299             2          32166          299
  300            22          32188          300

Page                       Shape Bytes    Text Bytes
-----------------------    -----------    ----------
Scene 1                           0             0

Symbol                     Shape Bytes    Text Bytes
-----------------------    -----------    ----------
skip level                      929             0
cafea                           857             0
cuptor                          567             0
ventilator                     1011             0
aer                             368             0
video                           511             0
Tween 2                           0             0
zambet                          181             0
Tween 1                           0             0
sigla + stecher                1373             0
roata                           139             0
camion                          216             0
priza2                            0             0
priza                           301             0
4                                 0             0
3                                44             0
2                                 0             0
1                                49             0
fulger                          257             0
linie electrica                  38             0
borna                            70             0
dulap t                          91             0
fotoliu                          59             0
canapea                          78             0
dulap                           162             0
dulap b                          88             0
scaun                            50             0
masa                             59             0
perna                            35             0
pat                              66             0
paper                            40             0
paravan                          37             0
closet                          113             0
oglinda                          33             0
raft                             32             0
chiuveta                        166             0
clanta                           35             0
cadru usa                        63             0
stalp balcon                     36             0
fatada                           35             0
tigle                           904             0
balustrada 2                     39             0
balustrada 1                     39             0
suport balustrada                31             0
treapta                          35             0
linie scari 2                    33             0
linie scari 1                    34             0
cos 3                            36             0
cos 2                            34             0
cos 1                            37             0
tigla                            51             0
acoperis 2                       52             0
acoperis 1                       56             0
barna acoperis                   40             0
perete interior 4+5              42             0
perete interior 2+3              42             0
perete interior 1                69             0
planseu 2                        45             0
planseu 1                        45             0
perete 3                         45             0
perete 2                         45             0
perete 1                         43             0
planseu pamant                   45             0
linie pamant                     34             0
stecher                        1855             0
aspirator                       682             0
frig                            338             0
spalat                          438             0
tv                             6748             0
sistem                         1612             0
