Movie Report
------------

Frame #    Frame Bytes    Total Bytes    Page
-------    -----------    -----------    ---------------
    1          3979           3979        Scene 1
    2             2           3981          2
    3          2535           6516          3
    4          2136           8652          4
    5          2556          11208          5
    6          2727          13935          6
    7          2812          16747          7
    8          2525          19272          8
    9          2242          21514          9
   10          2024          23538          10
   11          1778          25316          11
   12          1476          26792          12
   13          1488          28280          13
   14          1955          30235          14
   15          2244          32479          15
   16          2488          34967          16
   17          2942          37909          17
   18          2950          40859          18
   19          2777          43636          19
   20          2491          46127          20
   21          2633          48760          21
   22          2719          51479          22
   23          2791          54270          23
   24          2727          56997          24
   25          2669          59666          25
   26          2687          62353          26
   27          2838          65191          27
   28          2468          67659          28
   29          2635          70294          29
   30          2556          72850          30
   31          2598          75448          31
   32          2690          78138          32
   33          2595          80733          33
   34          2634          83367          34
   35            22          83389          35

Page                       Shape Bytes    Text Bytes
-----------------------    -----------    ----------
Scene 1                           0           349

Symbol                     Shape Bytes    Text Bytes
-----------------------    -----------    ----------
Slider Max                       43             0
LoaderMain                       40           119
tractor3d                     79085             0
FPlogoV2                          0             0
title                             0             0

Font Name                  Bytes       Characters
-----------------------    --------    -----------
Arial Bold                   3034         ",-.1235ADEGIJLMNOPSTWabcdefghiklmnoprstuvy
