Movie Report
------------

Frame #    Frame Bytes    Total Bytes    Page
-------    -----------    -----------    ---------------
    1          7712           7712        Scene 1
    2             2           7714          2
    3           217           7931          3
    4            44           7975          4
    5             2           7977          5
    6             2           7979          6
    7             2           7981          7
    8             2           7983          8
    9             2           7985          9
   10             2           7987          10
   11             2           7989          11
   12             2           7991          12
   13             2           7993          13
   14             2           7995          14
   15             2           7997          15
   16             2           7999          16
   17             2           8001          17
   18             2           8003          18
   19             2           8005          19
   20             2           8007          20
   21             2           8009          21
   22             2           8011          22
   23             2           8013          23
   24             2           8015          24
   25             2           8017          25
   26             2           8019          26
   27             2           8021          27
   28             2           8023          28
   29             2           8025          29
   30             2           8027          30
   31             2           8029          31
   32             2           8031          32
   33             2           8033          33
   34             2           8035          34
   35             2           8037          35
   36             2           8039          36
   37             2           8041          37
   38             2           8043          38
   39             2           8045          39
   40             2           8047          40
   41             2           8049          41
   42             2           8051          42
   43             2           8053          43
   44             2           8055          44
   45             2           8057          45

Page                       Shape Bytes    Text Bytes
-----------------------    -----------    ----------
Scene 1                           0             0

Symbol                     Shape Bytes    Text Bytes
-----------------------    -----------    ----------
urlbn                             0             0
lettr_movie                       0             0
lettr                             0            41

Font Name                  Bytes       Characters
-----------------------    --------    -----------
MagistralBlackC              3713         /ACDGIaelnoprtuv
