Movie Report
------------

Frame #    Frame Bytes    Total Bytes    Page
-------    -----------    -----------    ---------------
    1         25467          25467        (c) Den Ivanov // Cleopatra Art Group Y2K
    2             2          25469          2
    3            60          25529          3
    4            32          25561          4
    5          1051          26612          5
    6             2          26614          6
    7             2          26616          7
    8             2          26618          8
    9             2          26620          9
   10             2          26622          10
   11             2          26624          11
   12             2          26626          12
   13             2          26628          13
   14             2          26630          14
   15             2          26632          15
   16             2          26634          16
   17             2          26636          17
   18             2          26638          18
   19             2          26640          19
   20             2          26642          20
   21             2          26644          21
   22             2          26646          22
   23             2          26648          23
   24             2          26650          24
   25          1444          28094          25
   26           160          28254          26
   27            32          28286          27
   28           309          28595          28
   29          1455          30050          29
   30           278          30328          30
   31            32          30360          31
   32           689          31049          32
   33             2          31051          33
   34             2          31053          34
   35             2          31055          35
   36             2          31057          36
   37             2          31059          37
   38             2          31061          38
   39             2          31063          39
   40             2          31065          40
   41             2          31067          41
   42             2          31069          42
   43             2          31071          43
   44             2          31073          44
   45             2          31075          45
   46             2          31077          46
   47             2          31079          47
   48             2          31081          48
   49             2          31083          49
   50          1215          32298          50
   51           247          32545          51
   52            71          32616          52
   53            32          32648          53
   54             2          32650          54
   55             2          32652          55
   56           155          32807          56
   57             2          32809          57
   58             2          32811          58
   59             2          32813          59
   60             2          32815          60
   61             2          32817          61
   62             2          32819          62
   63             2          32821          63
   64             2          32823          64
   65           200          33023          65
   66             2          33025          66
   67             2          33027          67
   68             2          33029          68
   69             2          33031          69
   70             2          33033          70
   71           204          33237          71
   72             2          33239          72
   73             2          33241          73
   74             2          33243          74
   75             2          33245          75

Page                       Shape Bytes    Text Bytes
-----------------------    -----------    ----------
(c) Den Ivanov // Cleopatra Art Group Y2K     2717          1842

Symbol                     Shape Bytes    Text Bytes
-----------------------    -----------    ----------
errormc                         140           121
frontrec                          0             0
backrec                           0             0
tribn                            52             0
caption                           0             0
bn_box                           86             0
urlbn                             0             0
fx1                               0             0
fx2                               0             0
fx3                               0             0
fx4                               0             0
char                              0            41
keys                             38             0

Font Name                  Bytes       Characters
-----------------------    --------    -----------
MonoCondensedC Bold         12630         !"#$%&'()*+,-./0123456789:;<=>?@ABCDEFGHIJKLMNOPQRSTUVWXYZ[\]^_`abcdefghijklmnopqrstuvwxyz{|}~ÄÅÇÉÑÖÜáàâäãåçéèêëíìîïñóòôöõúùûü†°¢£§•¶ß®©™´¨≠ÆØ∞±≤≥¥µ∂∑∏π∫ªºΩæø¿¡¬√ƒ≈∆«»… ÀÃÕŒœ–—“”‘’÷◊ÿŸ⁄€‹›ﬁﬂ‡·‚„‰ÂÊÁËÈÍÎÏÌÓÔÒÚÛÙıˆ˜¯˘˙˚¸˝˛ˇ
Impact                       3453         '()./1234:ABCEGKLNOPRSUYabcdefghiklmnoprstuwxy
