Movie Report
------------

Frame #    Frame Bytes    Total Bytes    Page
-------    -----------    -----------    ---------------
    1          6178           6178        Scene 1
    2             2           6180          2
    3          2536           8716          3
    4          2137          10853          4
    5          2555          13408          5
    6          2727          16135          6
    7          2813          18948          7
    8          2525          21473          8
    9          2240          23713          9
   10          2024          25737          10
   11          1780          27517          11
   12          1478          28995          12
   13          1488          30483          13
   14          1957          32440          14
   15          2244          34684          15
   16          2486          37170          16
   17          2940          40110          17
   18          2952          43062          18
   19          2776          45838          19
   20          2490          48328          20
   21          2633          50961          21
   22          2719          53680          22
   23          2793          56473          23
   24          2729          59202          24
   25          2667          61869          25
   26          2684          64553          26
   27          2838          67391          27
   28          2468          69859          28
   29          2635          72494          29
   30          2556          75050          30
   31          2598          77648          31
   32          2689          80337          32
   33          2595          82932          33
   34          2635          85567          34
   35            22          85589          35

Page                       Shape Bytes    Text Bytes
-----------------------    -----------    ----------
Scene 1                           0           277

Symbol                     Shape Bytes    Text Bytes
-----------------------    -----------    ----------
LoaderSub                        40           119
LoaderBlank                       0             0
Slider Max                       44             0
LoaderMain                        0             0
tractor3d                     79086             0
FPlogoV2                          0             0
title                             0             0

Font Name                  Bytes       Characters
-----------------------    --------    -----------
Arial Bold                   2596         ",-.ADEGILNOPSTWabcdefghiklmnoprstuwy
